0.25843214988708496
0.25410985946655273
0.2543962001800537
0.2557981014251709
0.25785183906555176
0.253493070602417
0.25710105895996094
0.2570939064025879
0.2549631595611572
0.25565600395202637
0.2542269229888916
0.25326108932495117
0.2520480155944824
0.25580787658691406
0.2541801929473877
0.2527937889099121
0.2547929286956787
0.25469422340393066
0.25659799575805664
0.25433993339538574
0.25492000579833984
0.25606584548950195
0.2544221878051758
0.25484585762023926
0.2533900737762451
0.25473594665527344
0.25581789016723633
0.25177717208862305
0.25519490242004395
0.2535538673400879
0.2548351287841797
0.2540700435638428
0.2548220157623291
0.2556309700012207
0.25612401962280273
0.25503110885620117
0.2574777603149414
0.2517659664154053
0.25728416442871094
0.25290393829345703
0.2553720474243164
0.2541677951812744
0.2537050247192383
0.25342822074890137
0.25507378578186035
0.25528502464294434
0.2544739246368408
0.25356125831604004
0.25765490531921387
0.2544887065887451
