2.8268790245056152
2.7904276847839355
2.8146560192108154
2.792564868927002
2.785071849822998
2.8051881790161133
2.8362302780151367
2.863079309463501
2.7915852069854736
2.778179168701172
2.78568696975708
2.793970823287964
2.794203996658325
2.8133609294891357
2.790580987930298
2.797478199005127
2.833285093307495
2.780040979385376
2.792613983154297
2.7948458194732666
2.7921221256256104
2.781233787536621
2.799936056137085
2.784796953201294
2.8014440536499023
2.791994094848633
2.7928690910339355
2.780133008956909
2.7874250411987305
2.7942421436309814
2.7958590984344482
2.8015332221984863
2.773685932159424
2.783782720565796
2.799487829208374
2.7835309505462646
2.8058481216430664
2.797333002090454
2.7948222160339355
2.7922887802124023
2.7912790775299072
2.7972819805145264
2.785555839538574
2.7983689308166504
2.789793014526367
2.7814149856567383
2.7805449962615967
2.7930612564086914
2.8055269718170166
3.6015260219573975
