0.00011539459228515625
0.0001049041748046875
0.00010275840759277344
0.00010704994201660156
0.00010395050048828125
0.0001049041748046875
0.00011396408081054688
0.00010180473327636719
0.00010800361633300781
0.00010585784912109375
0.0001049041748046875
0.0001049041748046875
0.0001163482666015625
0.000102996826171875
0.00010395050048828125
0.00010895729064941406
0.000102996826171875
0.0001049041748046875
0.0001049041748046875
0.00010204315185546875
0.00010704994201660156
0.00010704994201660156
0.00010204315185546875
0.0001087188720703125
0.00010418891906738281
0.00010418891906738281
0.0001049041748046875
0.0001049041748046875
0.0001049041748046875
0.00010800361633300781
0.00011396408081054688
0.00010228157043457031
0.00011587142944335938
0.00010919570922851562
0.00010919570922851562
0.00010323524475097656
0.00010395050048828125
0.00010538101196289062
0.000102996826171875
0.000102996826171875
0.00010895729064941406
0.00010514259338378906
0.00010919570922851562
0.00010585784912109375
0.00014901161193847656
0.00010704994201660156
0.00010704994201660156
0.00010585784912109375
0.00010585784912109375
0.0001049041748046875
