1.2837200164794922
1.2715229988098145
1.2715768814086914
1.2713890075683594
1.287175178527832
1.2765700817108154
1.287503957748413
1.284186840057373
1.27754807472229
1.2766470909118652
1.2765092849731445
1.2758352756500244
1.277613878250122
1.2756221294403076
1.27736496925354
1.2761478424072266
1.2756059169769287
1.2748279571533203
1.2821707725524902
1.275679111480713
1.2767260074615479
1.2753310203552246
1.277514934539795
1.2767279148101807
1.276628017425537
1.278480052947998
1.2768750190734863
1.2767961025238037
1.275136947631836
1.2768590450286865
1.2747018337249756
1.276784896850586
1.2899959087371826
1.2777888774871826
1.2820079326629639
1.274888277053833
1.2803699970245361
1.275137186050415
1.2816529273986816
1.274939775466919
1.2764418125152588
1.2763867378234863
1.2767860889434814
1.275867223739624
1.2769510746002197
1.2756781578063965
1.2767412662506104
1.2762978076934814
1.2820401191711426
1.2785990238189697
