3.981407880783081
3.9022200107574463
3.9000189304351807
3.895853042602539
3.897998094558716
3.9135308265686035
3.9329729080200195
3.94464111328125
3.8967630863189697
3.897771120071411
3.893781900405884
3.903385877609253
3.8975789546966553
3.893683910369873
3.8983142375946045
3.8939766883850098
3.8954548835754395
3.8940279483795166
3.8959131240844727
3.896713972091675
3.900344133377075
3.896103858947754
3.8892018795013428
3.897217035293579
3.9074931144714355
3.8998992443084717
3.89703106880188
3.8932747840881348
3.897716999053955
3.8942840099334717
3.8973329067230225
3.90149188041687
3.898240089416504
3.8933801651000977
3.8956470489501953
3.9003241062164307
3.8948919773101807
3.8974170684814453
3.892868995666504
3.904278039932251
3.898606777191162
3.8985583782196045
3.897859811782837
3.8982887268066406
3.8966891765594482
3.8964691162109375
3.8932747840881348
3.896099090576172
3.893627882003784
3.9024181365966797
