1.3555490970611572
1.3305141925811768
1.3149640560150146
1.3137011528015137
1.326704978942871
1.3197171688079834
1.323409080505371
1.3137640953063965
1.30977201461792
1.310351848602295
1.319809913635254
1.3169300556182861
1.3121328353881836
1.317363977432251
1.30607271194458
1.3090760707855225
1.3129773139953613
1.3079159259796143
1.336780071258545
1.3084170818328857
1.3152122497558594
1.3094420433044434
1.3262410163879395
1.3152618408203125
1.3168108463287354
1.3101720809936523
1.3138628005981445
1.318647861480713
1.3126862049102783
1.3240108489990234
1.3151631355285645
1.3070061206817627
1.3181979656219482
1.3132579326629639
1.3176569938659668
1.3123478889465332
1.3285231590270996
1.3122308254241943
1.3269641399383545
1.3144400119781494
1.3159010410308838
1.315765619277954
1.3064680099487305
1.3151469230651855
1.3007659912109375
1.3145511150360107
1.3095459938049316
1.318908929824829
1.3323872089385986
1.3045051097869873
