672828974627
531206137581
557712774002
597338567270
215745792281
162685416305
10348705356
719280974982
185433678473
730317584512
171767463369
267390181150
332551647926
763333516906
175360590364
18431193241
847803264947
890145029195
402865373788
685819094158
883019695663
195897354023
302712020242
950152790583
745037449293
938669412725
611587992999
138749751549
59070387957
454663892811
915347788685
747792176146
917313512080
898829067445
280048250904
234179545429
783476748932
995295295818
754764503548
146134420555
422812724770
921848784063
413781926703
524021028799
5246209740
808561290996
690252179686
257285429932
981195769612
965710002634
376666465910
862166188683
6402222689
58947089590
463032392
909555773096
306182263007
123177870143
317172737401
262323836653
521478629225
216476922496
801237708975
90273537256
290099087478
270367722357
926475348211
497847887094
668643942609
328335267584
32192880943
610237784189
69250693149
599006556523
150421354623
313501568879
843899491846
708800048791
201731852626
789117852554
398639027916
55801947396
174964238848
801331181046
502083456629
260733032708
335598027817
953080470760
73166788197
868278560322
965832492820
478218937852
377477179068
532532835355
820055943022
333814788899
133642741827
784199010345
425563374512
719261719952