2.807378053665161
2.8093461990356445
2.809515953063965
2.8104379177093506
2.8055338859558105
2.837484121322632
2.830191135406494
2.8113768100738525
2.8089962005615234
2.8063249588012695
2.811367988586426
2.8133277893066406
2.805610179901123
2.801939010620117
2.8124940395355225
2.806915044784546
2.8093392848968506
2.8108201026916504
2.810838222503662
2.8147261142730713
2.811692953109741
2.812654972076416
2.80583119392395
2.809983015060425
2.8118178844451904
2.8110270500183105
2.808682918548584
2.8149588108062744
2.8096940517425537
2.8079288005828857
2.8096132278442383
2.928056001663208
2.8048369884490967
2.8093221187591553
2.8076937198638916
2.8085718154907227
2.8025660514831543
2.8101232051849365
2.810790777206421
2.8150980472564697
2.8116908073425293
2.8115601539611816
2.8075127601623535
2.8068418502807617
2.808475971221924
2.813793659210205
2.809150218963623
2.8112528324127197
2.8094708919525146
2.807375907897949
